1000
181 731
27 245
71 756
82 866
97 395
178 718
71 755
85 895
219 882
150 606
137 275
115 231
317 635
112 225
135 271
1 1000
131 801
131 800
131 802
131 930
277 555
277 949
74 620
74 619
74 621
74 776
140 281
140 459
160 321
160 414
149 299
149 594
98 197
98 343
273 547
273 800
76 805
76 804
76 806
76 912
140 566
140 565
140 567
140 819
388 777
388 965
471 943
471 981
289 579
289 947
213 427
213 738
278 557
278 906
79 489
79 488
79 490
79 648
304 609
304 967
113 693
113 692
113 694
113 913
257 515
257 725
16 826
16 825
16 827
16 828
358 717
358 846
133 813
133 812
133 814
133 992
20 135
20 134
20 136
20 183
250 501
250 863
287 575
287 870
80 668
80 667
80 669
80 820
65 695
65 694
65 696
65 820
138 843
44 824
44 823
44 825
44 834
320 641
320 827
259 519
259 689
200 401
200 562
73 147
73 224
38 623
38 622
38 624
38 633
43 87
43 155
157 634
157 633
157 635
157 837
12 259
12 258
12 260
12 294
55 595
55 594
55 596
55 690
203 407
203 515
21 141
21 140
21 142
21 165
287 575
287 765
88 732
88 731
88 733
88 812
208 417
208 641
61 381
80 326
80 325
80 327
80 368
190 381
190 723
119 729
119 728
119 730
119 979
295 591
295 912
221 443
221 457
8 468
8 467
8 469
8 521
367 735
367 913
69 139
69 171
162 325
162 395
303 607
303 612
96 796
96 795
96 797
96 984
226 453
226 702
276 553
276 563
178 718
178 717
178 719
178 834
72 294
72 293
72 295
72 398
14 234
14 233
14 235
14 283
276 553
276 557
93 187
93 191
13 450
13 449
13 451
13 515
243 487
243 908
425 851
425 974
64 399
64 398
64 400
64 412
57 484
57 483
57 485
57 489
243 487
243 903
1 300
1 299
1 301
1 304
273 547
273 828
310 621
310 951
101 203
101 279
164 329
164 412
234 942
367 735
367 964
78 652
78 651
78 653
78 734
8 752
8 751
8 753
8 800
22 630
22 629
22 631
22 672
142 285
142 347
79 322
79 321
79 323
79 372
358 717
358 854
6 363
6 362
6 364
6 416
2 860
2 859
2 861
2 910
233 467
233 904
300 601
300 618
375 751
375 932
27 469
27 468
27 470
27 523
124 502
124 501
124 503
124 526
105 868
105 867
105 869
105 942
120 241
120 351
103 852
157 315
157 591
285 571
285 785
31 276
31 275
31 277
31 346
88 543
88 542
88 544
88 689
90 748
90 747
90 749
90 781
237 475
237 784
368 737
368 840
19 570
19 569
19 571
19 643
129 789
129 788
129 790
129 933
145 586
145 585
145 587
145 697
95 788
95 787
95 789
95 813
206 830
206 829
206 831
206 967
369 739
369 801
217 634
39 434
39 436
39 530
210 755
420 875
101 620
101 622
101 677
111 395
215 858
72 293
72 295
72 336
72 446
72 448
72 588
80 667
80 669
80 670
128 493
328 985
166 669
166 671
166 963
36 230
36 232
36 265
220 871
148 597
148 599
148 814
15 31
253 697
100 827
100 829
100 986
169 420
38 836
38 838
38 848
9 314
9 316
9 357
67 273
67 275
67 329
18 792
18 794
18 820
87 353
87 355
87 399
88 310
224 806
316 953
95 584
95 586
95 776
35 681
234 758
451 970
250 784
35 782
35 784
35 869
14 611
14 613
14 675
353 986
42 791
42 793
42 824
5 160
5 162
5 171
25 365
25 367
25 422
48 887
48 889
48 997
199 781
334 759
33 552
33 554
33 570
112 923
112 925
112 929
452 951
110 674
110 676
110 893
134 487
335 679
303 754
85 707
85 709
85 775
99 608
99 610
99 636
155 625
155 627
155 756
480 971
15 245
15 247
15 254
174 540
80 844
80 846
80 991
37 236
37 238
37 264
285 595
46 734
46 736
46 781
333 677
184 741
184 743
184 781
114 461
114 463
114 646
410 865
132 806
132 808
132 899
405 833
202 715
58 491
58 493
58 555
207 538
84 699
84 701
84 788
59 499
59 501
59 514
210 668
162 633
273 981
9 868
319 901
43 97
122 493
122 495
122 731
331 930
219 806
255 740
168 391
303 656
199 710
380 906
376 763
306 756
6 137
6 139
6 172
122 746
122 748
122 839
268 653
154 487
313 726
177 683
443 890
43 807
43 809
43 864
349 872
173 677
286 609
76 470
76 472
76 477
111 449
111 451
111 665
130 525
130 527
130 794
144 581
144 583
144 807
128 782
128 784
128 903
150 605
150 607
150 848
128 782
128 784
128 956
190 681
20 670
20 672
20 714
300 729
106 875
106 877
106 930
16 582
16 584
16 627
1 209
1 211
1 222
230 702
380 986
42 266
42 268
42 310
317 833
411 834
126 350
14 943
14 945
14 948
122 453
288 745
243 554
473 954
455 960
79 762
237 856
371 988
318 851
309 870
78 918
140 679
212 661
296 736
77 815
330 677
163 470
146 681
133 315
46 986
351 711
122 856
196 406
77 616
174 597
32 870
1 177
199 718
162 586
357 854
404 878
430 893
53 367
215 986
126 858
26 814
306 638
24 282
472 956
32 99
290 610
19 174
29 995
410 989
256 990
191 631
149 997
261 964
17 126
280 777
342 830
53 952
267 981
100 861
65 406
179 774
51 283
25 574
166 651
128 499
176 421
377 875
187 827
76 884
267 660
94 318
75 483
140 561
20 585
130 518
146 894
47 343
163 339
318 709
172 917
147 433
111 956
142 973
153 555
19 934
24 927
90 866
52 964
34 202
184 484
221 544
10 483
221 877
78 225
23 124
241 965
121 481
139 581
129 552
3 651
159 389
452 974
53 987
54 517
128 300
363 834
91 240
295 646
125 922
187 723
286 972
31 528
138 886
171 969
191 910
103 591
41 783
164 459
207 656
125 674
422 968
264 851
147 479
339 780
75 925
97 988
300 922
163 410
49 594
32 567
281 692
36 684
317 686
132 999
45 412
234 554
183 584
168 495
102 830
271 984
198 826
291 703
169 686
212 499
185 701
118 937
9 226
427 872
160 727
76 857
45 335
211 968
7 575
244 910
52 253
56 172
274 780
356 788
49 505
373 822
2 216
147 786
113 853
186 565
5 59
262 754
29 508
210 955
123 944
52 385
446 923
296 883
172 784
69 780
268 596
123 986
240 613
22 471
305 977
304 969
405 846
183 562
91 359
222 984
131 382
101 468
25 374
138 562
495 995
223 937
344 800
162 700
188 963
307 843
47 763
8 271
417 857
28 684
295 679
5 67
60 161
188 400
256 573
298 660
230 787
336 796
249 548
284 691
190 734
197 743
229 936
52 465
282 597
68 977
428 877
105 816
230 905
99 601
282 740
162 583
330 732
146 753
134 904
113 602
32 289
127 722
146 920
47 328
47 213
236 654
97 809
333 876
159 815
55 603
109 908
255 537
137 871
292 798
443 928
306 955
123 423
178 999
250 997
299 908
91 939
97 574
406 818
252 512
188 915
62 187
240 758
417 884
313 653
147 991
49 778
200 754
290 878
216 876
18 853
15 325
73 873
170 417
371 826
77 783
54 398
3 319
40 538
55 460
247 892
31 865
73 511
346 845
165 904
57 524
384 938
241 488
106 951
55 870
202 648
58 137
137 821
160 962
12 739
189 842
9 537
139 534
54 218
82 903
135 792
74 631
45 111
15 55
298 961
133 585
362 985
242 798
151 912
129 857
83 809
70 702
15 288
194 916
104 216
222 710
97 333
176 898
56 116
191 976
281 957
386 798
32 472
137 367
4 822
104 636
61 302
55 570
46 317
365 827
80 689
43 541
214 929
357 838
42 127
121 572
377 935
37 414
229 656
20 899
59 461
433 980
184 604
193 911
95 337
448 908
126 732
26 131
202 407
28 866
96 966
1 180
64 707
7 383
186 733
279 609
307 968
94 374
62 687
396 804
369 982
139 864
62 308
151 387
15 792
144 633
161 612
13 532
104 317
245 773
70 643
42 260
279 934
39 601
64 259
236 701
46 240
243 728
103 937
52 941
235 481
26 700
48 900
194 724
139 714
197 981
265 739
338 866
15 160
152 506
42 658
47 197
432 895
141 580
76 252
110 621
40 738
103 917
47 338
305 736
199 596
30 533
256 944
309 657
342 831
23 492
251 691
74 319
11 125
241 496
83 855
331 935
328 908
5 916
318 818
266 695
195 583
142 332
92 745
191 559
220 892
240 638
42 278
63 271
13 214
110 834
244 541
77 995
316 826
81 801
350 926
70 998
2 673
133 480
95 473
151 573
202 781
70 785
28 158
111 714
222 712
214 922
296 922
43 443
5 536
86 841
104 265
32 763
240 910
190 855
153 784
249 544
196 906
106 636
30 690
45 176
174 751
215 434
123 676
207 671
330 855
46 275
120 335
139 573
133 478
285 908
18 905
164 778
206 963
300 684
174 846
434 927
124 786
162 702
101 837
177 945
120 367
220 740
38 415
360 939
