99
3 8
5 6 9 4 8 2 1 7
3 1
2
3 10
2 4 8 16 32 64 100 100 100 100
3 10
1 4 4 4 4 4 4 4 4 4
100 1
100
3 5
11 20 60 22 100
2 10
100 100 100 100 100 100 100 100 100 100
3 5
100 100 100 100 100
3 4
1 6 12 49
2 6
9 64 19 16 81 80
1 10
1 1 1 1 1 1 1 1 1 1
11 1
1
6 3
42 75 19
21 4
3 1 16 11
24 7
6 19 72 28 13 6 3
6 6
29 8 72 1 89 17
23 4
3 53 5 1
14 1
7
17 3
10 34 1
6 9
38 44 61 85 42 2 26 75 73
13 4
46 4 14 2
1 5
33 2 4 2 30
3 7
90 58 66 3 70 4 1
1 5
84 37 26 2 97
9 5
21 66 3 59 36
3 5
21 5 4 25 8
3 7
1 12 7 57 64 21 2
1 9
9 20 40 1 79 1 98 8 15
1 4
87 97 1 53
15 6
81 74 83 8 9 16
24 6
1 1 3 77 19 42
2 1
1
23 4
30 56 3 26
8 9
19 40 35 17 61 79 32 40 9
9 3
1 57 17
1 3
89 54 9
2 5
1 30 18 27 75
4 7
24 97 71 1 7 17 1
9 4
51 4 60 97
3 4
39 26 4 21
18 3
61 35 50
4 5
85 21 44 11 36
3 4
40 3 97 25
2 9
45 10 29 66 35 31 20 2 10
23 1
38
14 7
1 44 9 39 22 38 36
6 7
35 6 76 10 41 2 59
18 9
1 1 5 57 6 48 98 27 87
18 2
67 40
1 4
68 14 1 69
2 1
1
1 5
46 1 70 1 1
17 1
92
6 1
50
1 7
45 59 1 62 48 70 40
1 5
38 99 1 4 52
2 7
1 93 1 1 2 4 18
1 8
11 2 5 1 1 30 58 4
1 6
21 1 19 59 3 3
16 8
12 56 1 2 74 84 79 4
10 2
6 72
4 7
72 2 7 1 18 27 1
4 6
67 46 12 60 62 5
3 3
23 7 40
22 9
54 24 22 40 1 85 44 39 48
17 3
2 19 5
8 9
97 11 20 1 1 63 89 11 16
6 7
43 2 9 16 8 38 70
18 2
1 79
20 4
27 3 8 73
15 8
3 1 99 14 79 8 46 71
2 9
61 34 13 46 21 36 74 5 8
25 7
74 2 1 48 38 50 99
9 9
2 1 1 23 24 30 58 86 20
8 2
7 72
6 4
14 34 22 82
7 7
32 54 34 3 6 1 32
1 6
6 8 4 10 6 1
8 3
9 1 16
1 5
1 95 94 13 21
15 5
2 45 26 92 27
9 2
50 2
2 8
32 26 11 23 1 1 3 2
5 9
48 16 33 1 39 4 1 1 6
14 5
28 3 95 26 1
9 6
82 52 63 81 97 12
5 9
17 2 38 48 95 58 7 2 11
3 8
91 11 35 5 38 9 96 46
18 2
2 92
22 2
12 13
4 1
68
1 4
2 8 12 11
1 2
2 15
3 4
10 58 1 64
5 6
1 31 2 9 20 10
4 9
26 84 3 9 97 22 30 80 37
21 6
29 1 1 29 2 18
6 1
10
2 7
73 28 34 83 54 58 20
