1
100 3 5 7
3 4 1 3 36 4 12
3 2 9 2 3 3 6
6 10 30 3 6 1 2
5 2 40 2 40 10 10
4 4 4 16 4 16 1
6 2 1 12 2 3 2
1 9 15 1 45 9 1
2 6 1 12 4 3 1
16 4 4 1 1 2 2
9 3 1 12 12 36 36
4 1 4 8 4 2 4
10 5 5 25 10 50 25
2 4 20 5 5 5 10
12 12 12 4 1 8 3
1 4 4 2 8 16 4
4 20 80 1 20 4 4
5 20 5 1 5 20 1
3 3 36 3 9 3 3
1 1 16 1 32 16 8
10 30 10 5 15 5 3
12 3 12 12 12 12 4
4 10 5 5 2 4 20
16 4 32 4 2 4 32
2 8 2 2 2 1 4
5 15 5 1 15 15 3
25 10 5 2 1 5 50
27 9 3 3 3 9 9
4 4 5 80 4 20 4
10 10 2 2 5 10 10
60 3 12 3 5 20 4
1 15 5 9 5 45 45
4 5 1 20 1 20 20
10 40 40 40 4 1 5
3 6 10 1 2 5 2
2 1 4 8 8 4 4
20 2 4 1 8 2 40
5 12 4 5 15 1 1
20 5 5 5 4 5 100
1 10 50 2 1 2 10
6 6 3 6 2 3 2
16 16 2 4 4 2 4
6 1 3 3 3 3 2
40 20 40 1 20 10 4
6 9 1 6 6 3 6
1 1 20 40 40 1 40
20 1 8 8 10 8 4
4 10 20 2 2 4 20
1 1 4 4 6 8 8
30 5 3 1 30 5 2
27 9 9 9 3 3 1
8 4 4 4 3 12 2
2 2 4 1 16 8 8
80 80 5 5 4 5 80
2 2 4 8 8 2 2
5 15 15 20 12 12 15
48 16 1 1 3 4 12
2 8 1 2 2 2 2
2 5 1 10 5 2 20
5 2 10 10 10 20 2
6 3 30 1 5 10 3
6 3 3 18 6 6 6
4 4 2 2 4 8 16
5 20 25 1 100 4 5
5 20 25 20 100 4 20
64 64 64 1 4 16 16
4 12 4 48 48 3 12
9 3 15 5 9 9 1
5 5 4 20 3 60 60
6 1 6 8 3 4 24
8 4 4 8 4 2 1
8 1 20 10 10 4 5
2 1 1 6 1 4 6
16 48 4 1 4 1 4
1 3 1 1 2 1 18
15 4 20 4 60 60 1
5 1 10 10 10 5 10
4 1 16 8 16 16 2
2 3 2 6 1 18 6
10 10 4 10 2 5 10
24 6 6 12 1 3 8
50 10 5 50 10 1 10
4 1 20 25 5 1 20
1 30 15 2 5 30 30
3 8 3 12 1 4 3
4 3 1 3 4 3 4
8 24 4 6 3 4 6
12 48 3 48 4 48 16
20 8 1 8 10 5 10
4 8 8 4 4 4 32
8 16 1 1 1 4 8
1 2 2 4 4 4 2
3 3 1 18 6 18 2
8 10 8 5 4 4 8
40 1 1 10 2 10 40
5 10 1 6 10 2 10
18 6 3 9 2 6 3
2 1 16 16 8 2 2
20 25 100 1 5 20 100
6 2 3 9 9 9 9
16 16 4 12 3 3 12
