1
100 3 5 7
4 16 4 1 8 8 16
12 48 48 16 12 48 48
2 2 3 6 1 12 2
4 5 10 2 2 2 4
2 18 18 3 6 6 6
2 5 10 50 25 2 10
10 25 50 1 5 2 10
1 1 50 10 25 25 5
12 12 2 12 2 6 12
32 4 32 4 4 4 1
5 1 10 40 1 8 4
5 10 2 20 2 2 4
6 1 6 6 1 6 6
1 2 5 10 20 5 5
8 8 4 8 4 2 2
4 4 16 4 20 1 16
60 3 3 4 60 20 60
5 25 5 75 5 5 3
8 3 1 1 24 12 6
5 60 1 4 4 3 15
1 3 6 9 9 1 6
4 2 6 4 24 12 8
9 5 3 45 1 15 1
16 20 5 5 16 4 4
2 8 8 16 16 8 16
10 10 10 10 25 2 5
3 4 8 8 8 8 2
10 30 5 2 1 3 3
12 12 6 2 3 1 6
6 24 8 6 24 6 24
3 6 3 18 3 6 6
2 2 4 2 2 2 8
10 3 1 30 2 15 2
5 5 5 1 5 50 10
5 5 5 75 15 3 1
20 10 5 2 1 1 20
3 9 9 9 9 3 9
4 4 8 2 8 4 16
5 10 10 1 1 8 2
4 12 5 60 1 15 12
36 3 12 3 3 4 4
5 20 2 20 10 10 5
3 6 1 6 30 10 15
2 1 10 5 10 2 5
6 3 18 18 18 6 6
2 16 2 4 8 2 2
1 2 18 3 6 3 18
16 2 4 8 4 1 8
9 4 9 12 9 9 4
4 16 5 1 4 20 5
5 12 15 20 1 5 3
1 4 4 4 4 16 16
1 2 2 2 10 20 10
4 1 24 4 8 12 12
1 2 4 1 8 2 1
20 10 40 1 8 40 8
5 15 5 3 1 3 60
3 12 15 60 3 3 15
3 3 1 3 8 1 4
5 20 5 10 10 10 10
15 9 5 3 5 15 45
16 1 4 2 2 4 1
4 2 2 2 1 6 24
1 4 4 8 4 8 16
3 9 9 3 9 9 9
1 10 5 5 2 10 25
6 24 4 8 6 4 8
4 5 4 60 15 60 12
24 4 1 8 24 8 3
12 6 24 8 24 3 8
4 12 12 8 1 3 3
16 1 4 1 1 8 32
20 20 20 5 1 20 20
24 3 8 12 6 12 24
1 6 15 6 10 2 15
15 25 75 3 1 25 1
5 5 10 5 5 5 5
18 6 1 3 3 6 3
1 16 4 4 16 16 64
5 5 30 5 10 2 1
10 1 5 4 5 8 4
20 10 2 4 5 1 20
15 3 2 10 5 5 15
1 4 16 16 4 4 4
12 4 6 4 3 1 3
4 16 4 64 16 16 16
12 24 4 4 1 3 1
3 15 5 3 30 3 2
24 1 2 8 1 24 6
30 1 1 3 2 2 2
4 2 8 16 16 8 2
60 3 1 5 60 5 60
20 5 2 10 2 2 1
3 6 3 8 2 3 3
12 36 3 12 3 9 3
5 6 6 15 5 30 2
1 4 100 100 100 5 5
12 3 4 3 12 3 12
1 3 12 3 24 12 2
9 9 1 9 27 3 1
